0,0 0,3090169943749474 0,5877852522924731 0,8090169943749475 0,9510565162951535 1,0 0,9510565162951536 0,8090169943749475 0,5877852522924732 0,3090169943749475 0,0 
0,0 0,3028873188118452 0,5761259165183461 0,7929692954107362 0,9321913147263684 0,9801639531977819 0,9321913147263685 0,7929692954107362 0,5761259165183462 0,3028873188118453 0,0 
0,0 0,2846198806538907 0,5413791843260634 0,7451445214258244 0,8759699210412648 0,9210492815438676 0,8759699210412648 0,7451445214258247 0,5413791843260634 0,28461988065389077 0,0 
0,0 0,25494179925339805 0,48492811891191023 0,6674462955984484 0,7846301785000214 0,8250089926901011 0,7846301785000213 0,6674462955984488 0,4849281189119101 0,25494179925339805 0,0 
0,0 0,21503765389979534 0,4090259239804445 0,5629758867707004 0,6618178472801899 0,6958764657418104 0,66181784728019 0,5629758867707005 0,40902592398044463 0,21503765389979523 0,0 
0,0 0,16650220298042814 0,31670601024406886 0,435908426604495 0,5124410890162759 0,5388124472481335 0,5124410890162764 0,4359084266044946 0,31670601024406925 0,16650220298042803 0,0 
0,0 0,11127665048160446 0,2116607671040564 0,2913260531150832 0,342474315259239 0,36009880526695703 0,3424743152592392 0,29132605311508286 0,21166076710405649 0,11127665048160464 0,0 
0,0 0,051571006874751274 0,09809388428026931 0,13501464883215378 0,15871923885397465 0,16688728391480492 0,1587192388539742 0,1350146488321542 0,09809388428026874 0,05157100687475176 0,0 
0,0 -0,010224350428985868 -0,01944787020074397 -0,026767696935974528 -0,031467314993600004 -0,033086693013977014 -0,03146731499360067 -0,026767696935973945 -0,019447870200744427 -0,010224350428985715 0,0 
0,0 -0,07163437792521204 -0,1362566838330459 -0,18754123617116084 -0,22046794563621624 -0,2318137164918975 -0,2204679456362162 -0,1875412361711613 -0,1362566838330453 -0,07163437792521274 0,0 
0,0 -0,13019849671268302 -0,24765225742086167 -0,3408640896779461 -0,40070976989759227 -0,4213311859305266 -0,40070976989759155 -0,34086408967794735 -0,2476522574208607 -0,13019849671268388 0,0 
0,0 -0,18356918266207656 -0,34916933472348616 -0,48059035949635415 -0,5649678514117901 -0,5940423536685554 -0,5649678514117898 -0,4805903594963542 -0,34916933472348677 -0,18356918266207622 0,0 
